posthoc_df$comparison	mw	xlogp	HBondDonorCount	HBondAcceptorCount
antiinflammatory-antiinfective	6.42863540178951e-12	8.52238700943531e-07	6.43030073632644e-12	6.31850127774669e-12
antineoplastic-antiinfective	6.61082300013049e-12	0.999989619483607	2.63965221902751e-08	6.47726317026809e-12
cardio-antiinfective	6.3208327460984e-12	0.0874051936828109	6.43218811546831e-12	6.31850127774669e-12
cns-antiinfective	6.31850127774669e-12	0.34005936046235	6.31850127774669e-12	6.31850127774669e-12
dermatologic-antiinfective	6.52655707256145e-12	0.0529503398823659	6.43385345000524e-12	6.43007869172152e-12
gastrointestinal-antiinfective	0.000471875830542201	0.770926580424421	0.53987747029685	0.000513615322233152
hematologic-antiinfective	0.0514294405711039	0.554907373981338	0.0272666447105607	0.064522670747704
lipidregulating-antiinfective	9.3070273710083e-10	3.14440680160288e-08	6.4627192486455e-12	6.43185504856092e-12
reproductivecontrol-antiinfective	2.97585805404399e-05	0.000387744542960644	7.84682289566296e-05	6.43152198165353e-12
respiratorysystem-antiinfective	7.81575995227879e-05	0.997828190806797	0.00435082566611567	6.94792545719025e-09
urological-antiinfective	0.101761912094059	0.999145492729083	0.256322576243667	0.00326883278775802
antineoplastic-antiinflammatory	5.95203616438056e-06	2.93804541682263e-05	2.32357117457838e-06	7.43789474455525e-11
cardio-antiinflammatory	0.628776621221346	0.150036681502067	0.830546685254446	0.667447507484853
cns-antiinflammatory	0.0135155737152157	0.0153924120498372	0.495202005014969	0.00013408922745739
dermatologic-antiinflammatory	0.842012034642731	0.999999999982613	0.281490568124942	0.332138834266758
gastrointestinal-antiinflammatory	0.00892414374462891	9.77678920865976e-06	3.98906735438187e-05	1.30077473980972e-05
hematologic-antiinflammatory	6.58409610263533e-05	0.720094127127695	0.00243542348146919	1.18681845462376e-08
lipidregulating-antiinflammatory	0.999986381392145	6.22331366187945e-05	0.986028383411184	0.91210267532839
reproductivecontrol-antiinflammatory	0.821582096670172	0.999706021188119	0.955058241188532	0.870377959011858
respiratorysystem-antiinflammatory	0.998672944579924	0.98872269632748	0.978319263846577	0.999997473686454
urological-antiinflammatory	0.999999999793689	0.999999999998407	1	0.999953432779606
cardio-antineoplastic	0.0030097815783956	0.411851287962146	0.000168480330849152	8.52450698918261e-09
cns-antineoplastic	6.31850127774669e-12	0.832801434779523	6.35791419512088e-12	6.31850127774669e-12
dermatologic-antineoplastic	2.59260183033128e-05	0.10776452052788	7.94299669371057e-08	2.59389953960465e-10
gastrointestinal-antineoplastic	0.999999999983555	0.627133732188303	0.993901888874993	1
hematologic-antineoplastic	0.995262779085317	0.79998660721647	1	0.981166709081483
lipidregulating-antineoplastic	0.0708408854142327	3.14440875559541e-08	6.62755306768403e-06	4.16331857877594e-10
reproductivecontrol-antineoplastic	0.890573625198441	0.00166498574259166	0.581689295108187	9.91434156993876e-10
respiratorysystem-antineoplastic	0.668891388415805	0.999543715638512	0.850965252405794	0.0210411068481804
urological-antineoplastic	0.872178030973494	0.999596179506168	0.912088355077935	0.249836471587566
cns-cardio	9.47719680510772e-12	0.999872982646706	6.10536235112757e-06	6.40609787438962e-12
dermatologic-cardio	0.0709460801139666	0.775633992201551	0.0065175425520867	0.00497217464503785
gastrointestinal-cardio	0.385220072212788	0.030742861325284	0.00270056439674937	0.00253817210912766
hematologic-cardio	0.012632805726835	0.999999998638504	0.090702344264019	3.94909898215889e-06
lipidregulating-cardio	0.999239571495524	3.1451975690544e-08	0.250187091492338	0.0558655018141279
reproductivecontrol-cardio	0.999998531019221	0.169153187857028	0.999999981556538	0.0497412290589881
respiratorysystem-cardio	0.999999999100144	1	0.999999966965557	0.999947879827406
urological-cardio	0.999637460885733	0.999998998934475	0.999987913236996	0.982743841223434
dermatologic-cns	0.999999997318646	0.512199168666368	0.948535676182926	1
gastrointestinal-cns	8.90398865749376e-12	0.0945264273707027	6.83852974248111e-12	6.43229913777077e-12
hematologic-cns	6.41831032766049e-12	0.999839329879974	5.64540969527627e-10	6.31850127774669e-12
lipidregulating-cns	0.0483219627264719	3.14441599424953e-08	0.999999999175236	0.907615774210762
reproductivecontrol-cns	0.00043413900671041	0.046447946363241	0.0695959879578153	0.971382394205657
respiratorysystem-cns	0.0793313988321858	0.999999990374733	0.219059408575207	0.0514869222214308
urological-cns	0.999712139960043	0.99998866678424	0.9999916477521	0.999970999822236
gastrointestinal-dermatologic	0.000868398443214069	0.00660109117179275	1.31915456891285e-07	8.48758521243553e-08
hematologic-dermatologic	2.01685829462894e-05	0.93643054225017	5.1767461570762e-06	3.81853104691743e-10
lipidregulating-dermatologic	0.696870035075186	0.0313478261203135	0.971608168214962	0.997489086003377
reproductivecontrol-dermatologic	0.143140370546009	0.999998971443423	0.038727624787897	0.999390481579615
respiratorysystem-dermatologic	0.588149193560199	0.992444949659633	0.0808679306283254	0.415268719037567
urological-dermatologic	0.999976325035662	0.99999999993339	0.992232585634831	0.999993724274738
hematologic-gastrointestinal	0.998240117424085	0.104449407973931	0.999303688269474	0.997435021115717
lipidregulating-gastrointestinal	0.332859078967215	3.14440490312151e-08	1.25489105141652e-05	7.35003651608501e-07
reproductivecontrol-gastrointestinal	0.981528465475153	7.73208708826356e-05	0.297911196055398	8.69245820989129e-07
respiratorysystem-gastrointestinal	0.868680863244712	0.828759527400137	0.557564031790257	0.0810451473249095
urological-gastrointestinal	0.914071667755702	0.977552786293892	0.765480713768344	0.301436139003227
lipidregulating-hematologic	0.0337713799296679	1.128105213688e-07	0.000459454057926023	1.8523541589488e-09
reproductivecontrol-hematologic	0.606011966920747	0.502437652878848	0.795607924339168	2.79150536020012e-09
respiratorysystem-hematologic	0.380633761690611	1	0.92710746481553	0.00584260489053545
urological-hematologic	0.711545293680416	0.999999815596331	0.927271329914567	0.118455594723283
reproductivecontrol-lipidregulating	0.996513857901786	0.0527431649267891	0.506245311859398	0.999999999997992
respiratorysystem-lipidregulating	0.999999772075441	0.00394866966304042	0.640966813496035	0.901048686521174
urological-lipidregulating	0.999999275227148	0.920087318792546	0.999999263250548	1
respiratorysystem-reproductivecontrol	0.999995864327873	0.91440905711493	1	0.863726653545278
urological-reproductivecontrol	0.998369158889155	0.999999854363839	0.999946029382754	1
urological-respiratorysystem	0.999966341809927	0.999999737485163	0.999937366926635	0.999425886517803
