comparisons	MolecularWeight	HBondAcceptorCount	HBondDonorCount	XLogP
antiinflammatory-antiinfective	0	3.03682412550188e-10	0	9.54697654265146e-10
antineoplastic-antiinfective	0	0	3.13904248150365e-07	0.999994012522226
cardio-antiinfective	3.66073837909653e-12	9.5856655946136e-13	2.2258195286895e-11	0.0448558277210463
cns-antiinfective	2.16762019444872e-09	3.43600969898716e-09	3.64703089950069e-09	0.180749666925224
dermatologic-antiinfective	2.95541369155217e-13	0	3.4028335704761e-13	0.000855637615132965
gastrointestinal-antiinfective	0.00826725631327396	0.0131375215774135	0.815269094543183	0.956633177683636
hematologic-antiinfective	0.157034150888272	0.46460171501557	0.0302113428108871	0.906892661657618
lipidregulating-antiinfective	5.91193760612896e-13	1.35003119794419e-13	2.52876608541897e-11	9.84767822842514e-14
reproductivecontrol-antiinfective	3.83989789409789e-07	6.78346268045971e-14	4.75492250751053e-06	2.20174500853432e-09
respiratorysystem-antiinfective	0.000260103259859479	1.95042564987702e-07	0.000225641648559871	0.96833380576657
urological-antiinfective	7.70715211650952e-08	8.00011794477307e-07	4.66371867405835e-05	0.360594722085122
antineoplastic-antiinflammatory	3.65291037418558e-08	8.41215985758481e-13	0	2.11082809231655e-07
cardio-antiinflammatory	0.312207588466803	0.407567376019604	0.577218774771997	0.0206433316645737
cns-antiinflammatory	7.83782166896563e-05	8.793964234588e-08	0.0925621851945917	0.000247619680196709
dermatologic-antiinflammatory	0.661356913119554	0.00135676324319645	5.31095112366042e-06	0.999999999050132
gastrointestinal-antiinflammatory	0.0142477983013761	0.000103100804215273	0.000256399299398247	0.000671375067905711
hematologic-antiinflammatory	8.85033389830259e-05	8.82614700525863e-06	0.000380165382736219	0.89469136395676
lipidregulating-antiinflammatory	0.998667018465276	0.400124097170819	0.483519986978614	6.40578365684874e-06
reproductivecontrol-antiinflammatory	0.509645516732287	0.373146918161694	0.841321318119148	0.984355583030927
respiratorysystem-antiinflammatory	0.997736952916265	0.999995587889868	0.886102009994184	0.8877119577245
urological-antiinflammatory	0.999980125593339	0.963476949864097	0.99999999998406	0.999998892921597
cardio-antineoplastic	0.00171696397892962	6.66366872792423e-09	2.4095975759475e-05	0.312783284911138
cns-antineoplastic	3.3597680193509e-11	8.36053448693974e-12	3.30843130669223e-11	0.730838880849449
dermatologic-antineoplastic	5.33537808344864e-06	1.72084568816899e-14	1.0369483049999e-12	0.00351498201717804
gastrointestinal-antineoplastic	0.999999999996169	1	0.998554199450988	0.903140782591303
hematologic-antineoplastic	0.998168531128795	0.99846536039697	1	0.969502439293256
lipidregulating-antineoplastic	6.34910962852286e-05	0	2.40368280834957e-10	5.89528426075958e-14
reproductivecontrol-antineoplastic	0.706138342214952	4.44533299059913e-13	0.327097185639589	6.70631562504909e-08
respiratorysystem-antineoplastic	0.669264092579229	0.0290603959918849	0.586642162204404	0.991753580471252
urological-antineoplastic	0.00142803888334919	0.000516782859318332	0.0247469314203413	0.457548073546009
cns-cardio	0	0	7.74990294161171e-10	0.999342095491504
dermatologic-cardio	0.0236748882223394	1.78044756715678e-09	0	0.278631500711339
gastrointestinal-cardio	0.556927654597775	0.0199146145342741	0.0228558484082853	0.21371883272558
hematologic-cardio	0.0343862050497536	0.001948803294055	0.0601087800225049	0.999999999904146
lipidregulating-cardio	0.95941675947943	5.20174130146378e-05	1.66387153445191e-05	6.95365987013474e-12
reproductivecontrol-cardio	0.999987057946716	0.000168176052081859	0.999999876755953	0.00120337916109658
respiratorysystem-cardio	0.999999998735356	0.999930020240372	0.999999600402231	1
urological-cardio	0.449089342047113	0.313945591374891	0.95096986374193	0.946941527583781
dermatologic-cns	0.999999983640979	0.999999999968597	0.00428317936721212	0.071341133580008
gastrointestinal-cns	1.54281121211852e-09	5.27355936696949e-13	2.44584330566511e-09	0.395506491337227
hematologic-cns	1.30417898702717e-12	7.58060281214057e-13	3.76821907011049e-11	0.999987604599965
lipidregulating-cns	1.16145560458136e-06	0.190152974908407	0.999989045334083	2.80997447532627e-13
reproductivecontrol-cns	2.76207382754468e-06	0.57412219039635	0.00774344575916996	2.42393295969423e-05
respiratorysystem-cns	0.073396293548328	0.0470445635099583	0.0322647004287406	0.999999578510279
urological-cns	0.403065849595965	0.959872435407471	0.94668781074532	0.812717597226403
gastrointestinal-dermatologic	0.000739272536564695	4.64073224293315e-14	1.06947783962141e-12	0.00358911169531706
hematologic-dermatologic	1.33456785544883e-05	0	0	0.913341383496099
lipidregulating-dermatologic	0.2858761930896	0.747272854413022	0.00924510730282924	0.00137455190446911
reproductivecontrol-dermatologic	0.0357411736228446	0.921741079224829	4.87599630605295e-06	0.999900640025724
respiratorysystem-dermatologic	0.494356272657533	0.119063088362928	9.46305489328836e-05	0.903367281468252
urological-dermatologic	0.96999739740421	0.988077941568656	0.159429476969453	0.999992090924858
hematologic-gastrointestinal	0.999509473343088	0.999781294114902	0.999729434616378	0.546416153375196
lipidregulating-gastrointestinal	0.123615052180785	1.65751170566608e-08	5.18600226095955e-08	1.37003741684794e-11
reproductivecontrol-gastrointestinal	0.972485430405204	2.9260961098565e-08	0.296974690708522	5.52987658730686e-05
respiratorysystem-gastrointestinal	0.898781326089529	0.138620598430798	0.449362718220469	0.687964962087101
urological-gastrointestinal	0.028932417291916	0.00175442752685129	0.0202787789997811	0.160173356704399
lipidregulating-hematologic	0.00254267490319238	1.82761894507166e-09	5.04637442944045e-09	1.7162991230002e-05
reproductivecontrol-hematologic	0.494973729718619	2.92935820045415e-09	0.640500162602446	0.466125049879649
respiratorysystem-hematologic	0.441592699961144	0.0295613484492789	0.798118907226013	1
urological-hematologic	0.00113656179043098	0.000274060121308595	0.0625670692728497	0.998394067051257
reproductivecontrol-lipidregulating	0.93593923838822	0.999999999471648	0.0363012320653637	0.0018559675019777
respiratorysystem-lipidregulating	0.999998600119603	0.766747165861994	0.0919714822178721	0.000149772036688978
urological-lipidregulating	0.97878470433248	1	0.989207543390731	0.0313421675458171
respiratorysystem-reproductivecontrol	0.99998933358996	0.711913584031263	1	0.503836824533
urological-reproductivecontrol	0.46073496468248	0.999999999970157	0.952473112920731	0.988444792706022
urological-respiratorysystem	0.981733990069666	0.950312724155028	0.958445466048763	0.997350268034585
